#Seq2Logo.py -f 1000genome_withoutHG00264/MHC_II_common_motif_4_motif.fasta -o 1000genome_withoutHG00264/MHC_II_common_motif_4_motif
Last position-specific scoring matrix computed, values are in halfbits
A R N D C Q E G H I L K M F P S T W Y V
0 A 2.511 -1.311 -0.544 0.035 -3.225 -0.838 -0.163 1.105 -1.019 -0.447 -0.777 0.006 -1.565 -0.398 -0.717 0.433 -1.005 -4.83 -1.509 0.231
1 P 0.603 -1.485 -2.94 1.309 -3.63 0.997 1.603 0.162 -0.582 -1.36 -1.859 -0.151 -1.33 -4.53 2.957 0.619 -0.953 -5.295 -2.412 -0.008
2 G -0.046 0.11 0.464 0.709 -3.468 -1.811 -1.136 2.088 -1.423 0.896 -1.687 0.131 -1.19 -0.164 -5.13 0.736 0.99 -4.629 -0.167 -0.005
3 S 0.586 -0.932 -0.085 0.743 -3.415 -0.592 -0.513 0.707 1.279 -1.496 -1.981 -0.207 -0.903 -1.061 -0.901 1.573 1.664 -4.55 0.837 -0.546
4 G -0.504 -2.59 -1.188 -0.138 -2.514 0.042 -3.186 5.175 -3.567 -2.488 -1.929 -1.352 -3.141 0.285 -4.523 -0.09 -1.734 -4.505 0.393 -1.811
5 G 1.618 -1.958 -0.691 0.883 -3.364 -2.218 -0.403 3.071 -2.816 0.446 -1.447 -0.767 -1.884 -1.059 -1.456 -0.203 -1.074 -2.799 -2.0 0.624
6 G -0.443 -0.546 0.169 0.529 -3.569 -1.517 -0.962 2.754 -2.626 -0.915 -1.029 0.516 -2.849 -2.612 0.815 1.429 -0.1 -4.953 -0.767 -0.752
7 S 0.227 -0.005 0.741 1.205 -3.418 -1.433 -0.745 0.297 -1.378 0.022 -2.66 0.762 -1.671 -0.572 -2.115 1.798 1.13 -4.822 -0.912 0.258
8 A 0.967 0.338 0.158 0.828 -3.469 0.489 -0.493 0.906 1.339 -0.9 -1.447 0.051 -2.116 -1.344 -0.728 0.575 0.312 -4.963 -2.293 0.565