#Seq2Logo.py -f 1000genome_withoutHG00264/MHC_II_common_motif_2_motif.fasta -o 1000genome_withoutHG00264/MHC_II_common_motif_2_motif
Last position-specific scoring matrix computed, values are in halfbits
A R N D C Q E G H I L K M F P S T W Y V
0 A 2.448 -2.775 -1.049 -0.43 -1.592 -1.429 -0.412 -0.175 -0.505 -0.204 -0.962 0.492 -2.891 -0.527 2.281 0.848 -1.313 -4.666 -3.658 0.091
1 P 1.394 -1.291 -2.714 0.802 -2.996 -0.989 0.555 0.836 -0.348 0.533 -1.088 -0.066 -2.955 -3.049 2.925 -1.02 -1.268 -4.677 -1.343 0.38
2 G 0.646 -0.916 0.17 0.043 -0.876 0.163 0.646 1.288 -3.034 -0.968 -0.919 0.144 -2.194 -3.234 -0.456 1.046 1.589 -4.707 -4.087 0.016
3 A 1.518 -1.591 -0.452 0.676 -2.854 0.767 -0.303 0.581 -0.422 -0.208 -1.361 0.811 -2.889 -1.711 -0.25 0.18 1.159 -4.548 -2.348 0.27
4 A 2.291 -0.365 -0.357 -1.183 -2.633 -1.29 0.84 -1.322 -0.7 -0.472 -1.121 0.007 -1.486 -2.554 0.252 -0.239 1.684 -4.652 -3.826 1.157
5 K -0.559 0.732 0.338 1.41 -3.321 -0.553 -1.149 -0.584 0.691 -1.342 -1.412 2.423 -1.759 -2.246 2.262 0.225 0.451 -4.72 -2.385 -1.686
6 G 1.266 0.598 -1.406 1.4 -3.04 -1.413 0.792 1.666 -1.343 -0.318 -1.676 0.534 -1.662 -1.53 -3.442 -0.278 -0.086 -4.17 0.37 0.104
7 P 0.26 -3.736 -3.209 -2.274 -3.35 -3.427 -0.99 -3.356 -1.7 -2.655 -3.691 -0.832 -2.967 -3.759 6.86 -2.509 -0.782 -5.613 -1.646 -2.259
8 K 0.507 1.119 -1.228 -0.359 -3.273 0.239 1.285 1.267 0.079 -1.989 -2.023 2.44 -1.764 -2.703 -0.35 0.273 -1.216 -4.511 -1.646 -0.407