#Seq2Logo.py -f 1000genome_withoutHG00264/MHC_II_common_motif_6_motif.fasta -o 1000genome_withoutHG00264/MHC_II_common_motif_6_motif
Last position-specific scoring matrix computed, values are in halfbits
A R N D C Q E G H I L K M F P S T W Y V
0 P 0.574 0.256 -0.544 0.845 -4.663 0.377 0.728 -0.021 -1.585 -0.723 -0.474 1.085 -2.268 -2.696 1.913 -0.063 -0.794 -5.951 -0.528 -0.44
1 P 0.645 0.774 1.057 -0.037 -4.838 0.91 0.856 1.116 -2.177 -3.862 -2.719 0.771 -2.151 -4.573 3.486 -1.028 0.322 -6.378 -3.254 -2.71
2 E 0.313 -0.64 0.531 0.639 -2.795 0.967 1.701 0.022 1.974 -1.327 -2.545 0.931 -0.862 -1.071 -1.961 -0.237 0.807 -5.705 -0.105 -0.189
3 F -2.611 -4.095 -5.386 -3.146 -4.532 -4.307 -2.928 -4.044 -4.246 2.492 1.24 -4.987 -0.534 5.472 -5.249 -2.546 -2.75 -0.783 4.325 0.606
4 V -0.074 -0.13 -0.418 -1.203 -3.363 0.177 -0.012 -2.181 -1.761 1.734 0.322 1.26 -1.318 -0.3 -4.515 -0.843 0.206 -5.515 0.414 1.993
5 A 1.422 -0.255 -0.81 -1.136 -3.389 -0.533 -0.114 -1.069 1.457 -0.022 0.481 0.204 -0.687 -0.624 0.37 -0.462 -1.155 -1.228 0.906 0.754
6 L 1.078 -2.169 -0.06 -0.294 -4.121 -0.879 -0.465 -3.164 -1.55 1.404 1.806 -1.802 1.696 -0.006 -3.795 -0.683 -1.18 -5.744 -3.237 2.339
7 K 1.153 1.862 0.069 -0.449 -4.723 0.623 -0.675 0.411 2.942 -1.545 -3.49 2.166 -2.411 -4.728 -0.33 -0.082 -0.078 -5.915 -0.753 -0.705
8 K -1.864 4.263 0.672 -2.341 -5.334 -0.256 0.214 -1.529 0.17 -2.505 -4.392 4.516 -3.444 -5.223 -3.01 -1.559 -0.367 -6.119 -3.555 -3.622