#Seq2Logo.py -f 1000genome_withoutHG00264/MHC_II_common_motif_3_motif.fasta -o 1000genome_withoutHG00264/MHC_II_common_motif_3_motif
Last position-specific scoring matrix computed, values are in halfbits
A R N D C Q E G H I L K M F P S T W Y V
0 A 1.637 -0.217 -0.196 1.411 -3.153 -0.701 1.361 -0.101 -0.88 -1.554 -1.891 1.485 -0.236 -1.905 0.246 0.025 0.498 -4.675 -2.495 -1.881
1 A 2.793 -1.917 -0.065 0.337 -2.713 0.538 -1.618 -1.971 -0.496 -0.149 -2.788 -1.33 -2.338 -2.532 2.361 1.086 -1.23 -4.574 -0.205 0.738
2 G 1.237 0.529 -1.479 0.376 -3.135 1.709 -0.072 1.639 0.303 -0.669 -1.107 0.665 -0.773 -0.815 -3.102 0.316 -0.443 -4.341 -1.031 -1.132
3 A 1.711 -0.928 -0.135 -1.099 -2.705 -1.374 -0.539 1.519 -2.093 -1.157 -1.684 -0.566 -2.408 -0.699 1.742 1.369 -0.883 -4.182 0.979 -0.357
4 A 2.334 -1.232 -1.33 0.388 -2.848 1.065 -1.044 1.664 -1.573 -0.911 -1.296 0.672 -1.649 -2.177 -0.838 -0.435 -0.731 -4.596 -1.975 1.02
5 A 1.956 1.306 -0.522 -2.165 -2.893 0.727 0.037 1.147 0.407 -1.045 -0.735 -0.695 -2.179 -3.16 -0.441 0.569 -0.82 -4.617 -2.457 0.733
6 A 0.48 0.954 -2.648 0.302 -3.04 -1.55 -0.605 0.524 0.535 -0.402 -1.036 0.985 1.459 -1.439 0.071 -0.11 0.844 -1.008 -0.853 0.59
7 G 0.367 0.242 1.084 0.845 -3.199 0.965 -0.151 1.362 -0.036 -2.108 0.043 0.528 -2.886 -0.546 -2.9 -0.329 0.506 -4.388 -1.401 -0.35
8 P -0.487 -4.16 -2.486 -2.666 -3.49 -3.934 -3.117 -1.677 -3.204 -2.453 -2.404 -2.395 -4.072 -4.018 7.226 -2.596 -2.191 -6.11 -3.653 -2.803