#Seq2Logo.py -f 1000genome_withoutHG00264/MHC_II_common_motif_1_motif.fasta -o 1000genome_withoutHG00264/MHC_II_common_motif_1_motif
Last position-specific scoring matrix computed, values are in halfbits
A R N D C Q E G H I L K M F P S T W Y V
0 A 1.194 -0.035 0.842 0.553 -4.189 -0.3 0.317 -1.153 -1.18 -0.705 -0.386 0.533 -1.217 -2.161 -0.123 0.532 0.364 -6.585 -0.543 0.531
1 P -2.306 -2.837 -2.052 -3.058 -5.793 -1.127 -2.565 -3.133 -5.801 -3.824 -3.628 -1.691 -5.319 -7.314 7.52 -3.199 -2.197 -8.343 -6.9 -3.315
2 S 0.92 -0.045 -1.312 0.683 -4.208 0.176 0.262 0.801 -1.63 -1.792 -1.789 0.715 -0.471 0.348 -1.262 1.064 0.81 -6.511 -1.577 0.399
3 P -0.339 -0.352 -0.548 1.052 -5.494 0.594 1.164 0.649 -3.48 -0.038 -2.354 0.907 -1.633 -1.881 2.136 -0.088 -0.544 -6.584 0.309 -0.121
4 E -0.062 -0.967 0.077 0.224 -5.346 0.354 1.302 0.781 0.921 -1.054 -1.848 0.558 -2.102 -1.86 0.48 -0.216 1.505 -6.673 -1.533 0.637
5 E -0.158 -1.223 -1.878 -0.516 -5.326 0.456 1.537 0.837 -1.39 0.363 -1.038 -0.52 -2.182 -1.223 2.007 0.081 -0.111 -6.513 0.095 0.713
6 S 0.693 -0.097 -0.556 -0.379 -5.211 0.625 0.403 -0.361 1.818 0.116 -0.918 -0.06 -2.021 -2.529 0.283 0.893 0.339 -4.716 -0.857 0.733
7 P 1.021 -1.303 -1.065 -0.066 -4.186 0.429 0.239 -0.552 -0.984 0.049 -0.397 -0.308 -1.458 -2.019 2.487 -0.034 0.487 -3.194 -1.329 0.46
8 S 0.67 1.112 -0.582 -0.672 -5.286 0.231 -0.233 0.359 -0.007 -0.359 -1.389 1.594 -1.162 -1.465 0.277 1.2 0.225 -6.709 -2.593 -0.579