#Seq2Logo.py -f 1000genome_withoutHG00264/MHC_II_common_motif_5_motif.fasta -o 1000genome_withoutHG00264/MHC_II_common_motif_5_motif
Last position-specific scoring matrix computed, values are in halfbits
A R N D C Q E G H I L K M F P S T W Y V
0 V 0.235 0.175 -0.736 1.392 -2.933 0.43 -0.172 0.82 0.331 -0.795 -2.201 -0.5 -2.887 -1.162 0.14 0.558 -0.417 -3.995 0.91 1.363
1 G 0.565 -0.663 -1.008 0.904 -2.834 0.881 -0.147 2.03 -1.226 -0.685 -1.427 -1.361 -1.522 -0.286 -2.057 1.072 1.389 -4.08 -0.478 -0.981
2 G -0.635 -1.225 -2.706 -1.606 -2.881 1.248 -1.891 2.328 -2.928 1.354 -0.627 -1.044 -1.802 0.714 0.714 0.031 -0.753 -0.591 1.134 0.724
3 L -0.033 -3.094 -1.139 -1.061 -2.72 -2.953 0.31 -0.015 -0.783 1.945 1.368 -1.135 -0.839 2.124 -3.301 -0.568 -2.143 -3.394 1.4 1.236
4 S -0.225 1.791 0.33 -1.179 -2.812 -0.104 -1.186 -1.901 -0.638 1.227 -0.124 0.218 0.842 -2.337 -0.357 1.139 -1.632 -3.993 0.635 0.936
5 G 0.684 1.99 0.018 -2.452 -2.792 -0.397 -1.887 2.855 -2.014 0.679 -1.539 -1.26 -0.169 -1.834 -3.747 0.256 0.336 -4.211 -1.296 0.351
6 A 1.173 -0.462 0.632 -0.024 -2.836 -0.747 -1.571 0.431 2.224 -0.807 -1.828 1.223 -2.21 -1.518 0.306 0.881 1.683 -4.243 -0.765 -2.281
7 G -1.503 -1.481 0.307 -1.378 -3.374 -3.806 -2.789 5.699 0.052 -3.053 -4.365 -2.925 -4.164 -0.8 0.86 -0.632 -2.108 -4.361 -1.918 -4.267
8 K -0.153 1.749 0.474 -0.977 -3.22 0.326 -0.629 0.537 -0.583 -1.001 -1.646 3.608 -0.621 -1.718 -2.433 0.708 -1.704 -4.464 -3.667 -1.339