#Seq2Logo.py -f 1000genome_withoutHG00264/MHC_I_common_motif_2_motif.fasta -o 1000genome_withoutHG00264/MHC_I_common_motif_2_motif
Last position-specific scoring matrix computed, values are in halfbits
A R N D C Q E G H I L K M F P S T W Y V
0 R 0.411 2.285 -1.558 -3.379 -6.171 -1.016 -2.602 -2.516 -0.134 0.837 -0.55 1.678 -0.116 1.898 -4.427 -0.679 0.078 -5.171 2.363 0.839
1 T 0.728 -5.546 -5.983 -6.48 -5.506 1.862 -4.616 -3.503 -6.604 1.001 0.787 -5.233 0.823 -2.185 -3.448 2.077 3.7 -7.478 -3.364 1.852
2 D -0.288 2.05 -0.308 4.582 -6.905 0.182 1.475 -4.018 1.522 -0.951 -3.378 1.511 -3.04 -1.132 -4.17 -1.495 -2.946 -7.627 -1.057 -3.89
3 P -0.382 -2.013 -0.641 1.955 -5.387 -0.74 1.808 0.297 0.016 -1.186 -0.967 -0.751 -2.358 -1.389 3.404 -0.318 -1.273 -7.761 -1.582 -0.802
4 V -0.381 -1.13 0.314 -0.121 -3.851 0.885 -0.317 -0.005 1.311 0.722 -0.444 -1.278 -0.759 0.727 0.446 -0.476 0.191 -7.272 -0.581 1.464
5 L -0.362 -0.881 0.157 0.083 -6.15 1.122 -1.283 -0.229 0.461 0.475 0.266 -0.653 -1.344 0.744 0.757 0.445 0.29 -5.565 -0.8 0.537
6 L -0.037 -2.023 -0.621 -0.153 -6.118 1.194 0.594 -0.752 3.405 -0.275 1.382 -3.61 -0.023 -2.269 0.162 0.05 0.375 -5.663 -2.359 0.513
7 E 0.652 1.105 -1.065 -2.286 -4.474 1.025 1.757 -2.176 1.625 -3.496 0.149 0.632 -2.677 -0.132 -2.473 1.071 0.41 -7.181 0.19 -0.204
8 Y -6.295 -5.791 -5.608 -8.349 -7.067 -6.152 -7.305 -7.981 -1.823 -6.003 -3.933 -3.994 -3.395 2.994 -7.937 -6.694 -6.216 -3.4 9.085 -4.701