#Seq2Logo.py -f 1000genome_withoutHG00264/MHC_I_common_motif_4_motif.fasta -o 1000genome_withoutHG00264/MHC_I_common_motif_4_motif
Last position-specific scoring matrix computed, values are in halfbits
A R N D C Q E G H I L K M F P S T W Y V
0 E 0.202 2.192 -1.211 2.939 -9.274 -1.195 3.076 -1.988 0.476 -1.12 -4.545 1.331 -2.706 -1.222 -6.289 -0.058 -1.388 -9.186 -2.099 -1.123
1 V 0.169 -9.552 -3.003 -6.012 -7.103 -2.224 -7.158 -4.86 -7.868 1.853 1.149 -7.611 -1.095 -2.025 -3.332 -0.011 3.238 -7.609 0.854 3.982
2 L 0.772 -1.022 0.46 -2.045 -8.752 1.538 -4.31 -1.556 -1.068 1.002 0.98 -0.441 0.371 2.61 -3.141 -0.206 -1.848 -5.13 3.008 -0.828
3 D -0.681 -1.294 0.602 2.458 -7.825 0.307 1.804 0.379 -0.826 -2.787 -2.126 -0.24 -4.053 -1.562 2.524 0.708 -0.698 -5.408 -0.851 -1.695
4 P -0.845 -1.684 -1.064 -1.757 -7.864 -0.537 -1.234 0.153 1.225 0.993 -0.753 -0.062 -4.755 0.601 3.139 0.027 0.042 -3.627 0.029 1.036
5 L -0.353 -3.116 -2.071 -3.735 -7.014 -0.636 -2.936 -0.629 -1.541 2.045 1.234 -1.846 -1.36 2.772 1.58 -0.652 0.233 -5.744 -0.144 1.36
6 V 0.003 -1.557 -1.251 -4.123 -8.46 -1.055 -2.273 -2.576 0.45 2.308 1.023 -1.696 -1.353 1.503 -0.979 -0.157 1.048 -7.575 -0.288 2.35
7 L -0.281 -2.402 1.206 -4.033 -7.9 2.133 0.788 -0.541 0.106 -3.249 0.834 -0.429 -1.852 0.288 1.392 -0.082 0.734 -7.62 0.709 -0.21
8 K -6.084 5.641 -6.807 -8.419 -10.057 -5.455 -5.036 -6.492 0.475 -8.587 -6.088 6.179 -7.052 -7.447 -8.065 -6.869 -8.624 -10.154 -0.77 -7.144