#Seq2Logo.py -f 1000genome_withoutHG00264/MHC_I_common_motif_3_motif.fasta -o 1000genome_withoutHG00264/MHC_I_common_motif_3_motif
Last position-specific scoring matrix computed, values are in halfbits
A R N D C Q E G H I L K M F P S T W Y V
0 A 2.456 2.285 -2.213 -4.656 -8.786 0.758 0.314 0.395 0.214 -1.878 -2.497 0.983 -0.874 -1.821 -8.028 1.447 0.335 -7.806 -0.256 -1.238
1 E -5.811 -6.138 -6.444 0.366 -10.437 -2.074 7.482 -8.015 -7.318 -9.723 -9.819 -5.369 -7.115 -8.861 -7.092 -5.417 -6.444 -10.589 -8.201 -7.014
2 I 0.979 -2.712 0.579 0.924 -7.86 -0.711 -1.311 -1.928 1.989 1.792 -0.094 -2.348 0.495 1.566 -4.074 -0.133 -0.872 -5.829 1.488 1.012
3 E -0.645 -2.13 -0.915 2.137 -9.217 0.97 2.491 0.619 -0.454 -0.836 -0.908 -0.909 -2.275 -2.13 2.327 -0.451 -1.076 -8.626 -3.169 -0.647
4 R -0.594 1.592 -0.636 -0.882 -6.831 0.38 -0.153 0.271 2.14 0.259 -0.669 0.342 -1.706 0.689 1.065 -0.752 -0.221 -10.077 -1.515 0.435
5 V -0.256 -0.264 -1.102 -2.446 -7.897 0.879 -0.965 -1.02 0.158 1.389 0.099 0.448 -0.682 1.276 0.801 -0.838 0.558 -7.757 -1.064 1.367
6 L -0.621 0.238 -0.426 -3.147 -7.262 1.599 0.258 -3.421 2.41 0.608 0.905 1.054 -0.616 -1.559 0.682 -1.303 -0.229 -5.954 -0.801 1.193
7 K 0.131 1.057 -0.73 -3.249 -5.374 1.412 1.015 -1.25 1.485 -2.244 -0.354 1.625 -1.74 -1.591 -5.062 0.365 1.686 -9.401 -0.856 0.814
8 L 0.849 -6.997 -7.662 -8.847 -7.652 -8.343 -6.825 -9.049 -8.288 3.267 1.886 -6.212 0.106 3.631 -2.194 -6.689 -5.553 -3.561 4.044 2.768