#Seq2Logo.py -f 1000genome_withoutHG00264/MHC_I_common_motif_7_motif.fasta -o 1000genome_withoutHG00264/MHC_I_common_motif_7_motif
Last position-specific scoring matrix computed, values are in halfbits
A R N D C Q E G H I L K M F P S T W Y V
0 R 0.138 2.94 -0.899 -5.637 -7.717 -2.209 -3.911 -0.711 2.167 0.543 -1.099 1.7 -0.183 1.366 -6.236 -0.374 -0.199 -8.209 2.058 0.712
1 P 0.067 -0.601 -6.847 -7.937 -7.952 3.626 -4.5 -4.721 -1.691 -1.835 0.056 1.291 -0.667 0.432 3.867 -3.659 -4.155 -7.825 4.346 -1.431
2 F 0.86 -4.266 -0.41 -0.626 -7.516 0.377 -3.24 -3.532 0.973 1.164 -0.225 -3.349 0.866 3.348 -0.047 -0.698 -0.356 -4.238 2.705 0.989
3 E -1.337 -1.824 -0.132 2.647 -8.033 0.676 2.194 0.559 -0.576 -1.898 -2.376 0.068 -2.643 -2.834 2.465 0.468 -0.372 -9.39 -3.784 -1.146
4 V -0.315 -0.665 -0.159 0.361 -7.674 0.362 -0.081 0.735 1.893 0.634 -1.142 0.392 -1.704 -1.551 0.139 -0.309 0.095 -8.967 -1.251 1.559
5 V 0.491 -1.166 -0.941 -1.318 -7.433 0.532 -0.985 -0.89 0.952 1.56 -1.124 -0.957 -1.457 0.172 1.091 -0.262 0.939 -8.981 -3.434 2.285
6 V -0.517 -0.395 0.24 -1.095 -7.627 1.691 0.651 -4.84 2.834 0.903 -0.438 -2.285 -2.325 -1.399 0.96 -0.604 0.591 -8.802 -0.025 1.98
7 S 0.794 0.169 -0.969 -2.853 -7.049 1.45 1.465 -2.151 1.101 -1.48 -1.039 0.726 -0.707 -1.629 -5.443 1.096 1.505 -8.74 0.093 1.062
8 L -3.926 -6.179 -8.31 -10.038 -6.515 -7.478 -7.64 -8.431 -3.439 0.505 4.106 -3.878 1.85 3.669 -9.503 -8.317 -6.358 -7.044 4.812 1.403