#Seq2Logo.py -f 1000genome_withoutHG00264/MHC_I_common_motif_1_motif.fasta -o 1000genome_withoutHG00264/MHC_I_common_motif_1_motif
Last position-specific scoring matrix computed, values are in halfbits
A R N D C Q E G H I L K M F P S T W Y V
0 L 0.304 1.341 -0.938 -4.582 -7.993 -1.055 -3.412 -3.077 2.566 0.675 1.315 -0.718 1.834 1.649 -8.096 0.507 0.376 -8.69 1.622 0.192
1 P -0.161 -7.383 -7.484 -7.817 -8.525 -4.728 -6.547 -6.608 -8.956 -4.375 -6.359 -7.558 -9.297 -10.239 8.058 -5.162 -4.471 -11.426 -6.825 -1.961
2 A 1.041 1.439 -0.005 0.243 -7.167 -0.308 -1.101 -3.048 1.414 0.211 -0.671 -1.404 0.186 1.492 -1.541 0.159 -0.561 -6.992 1.578 0.862
3 P -0.081 -1.32 0.107 1.379 -8.441 0.909 1.493 0.694 0.794 -3.084 -1.621 -0.78 -3.644 -1.927 3.296 0.753 -0.709 -9.792 -2.478 -2.272
4 P 0.129 -1.009 -0.791 0.367 -8.148 -0.366 0.034 0.263 0.787 0.583 -0.952 -1.157 -2.541 -0.74 2.561 -0.24 -0.458 -9.518 -1.033 1.472
5 V -0.255 0.121 -1.347 -0.138 -8.147 0.572 0.177 0.505 1.211 0.815 -0.623 -1.217 -0.96 -0.249 1.169 -0.122 0.479 -9.463 -2.23 1.063
6 V -0.293 -1.302 -0.335 -0.432 -8.048 0.479 0.361 -3.315 2.017 1.142 -0.442 -2.299 -1.37 -2.315 2.268 -0.407 0.979 -9.583 -1.872 2.037
7 S 1.394 -0.622 -1.807 -3.195 -6.857 1.007 1.015 -1.769 0.018 -1.003 -1.425 -0.258 -0.93 -3.156 -2.014 1.725 2.003 -9.53 -2.229 1.695
8 L 1.567 -6.226 -9.985 -10.317 -7.722 -6.885 -7.51 -7.144 -5.544 0.043 3.902 -5.792 3.18 2.83 -5.479 -7.253 -6.017 -7.229 4.257 0.365