#Seq2Logo.py -f 1000genome_withoutHG00264/MHC_I_common_motif_5_motif.fasta -o 1000genome_withoutHG00264/MHC_I_common_motif_5_motif
Last position-specific scoring matrix computed, values are in halfbits
A R N D C Q E G H I L K M F P S T W Y V
0 K -1.276 3.057 -1.287 -5.466 -6.241 -0.677 -2.369 -3.322 -0.408 1.273 -2.391 4.153 -2.888 -2.889 -2.366 -1.794 -0.991 -7.266 -0.241 1.923
1 Y -0.396 -5.016 -5.657 -7.208 -6.057 -5.23 -3.934 -5.247 -3.536 -3.874 -4.16 -6.268 -3.756 2.131 -7.895 1.493 2.617 -4.369 7.498 -1.671
2 L 0.206 -2.604 -0.138 -1.371 -5.782 0.571 -2.795 -2.703 0.348 1.867 1.524 -1.461 1.454 0.932 0.395 -0.528 0.456 -5.343 -0.799 0.766
3 P -1.032 -1.071 0.304 2.078 -5.29 0.591 2.009 -1.13 0.596 -1.876 -2.981 0.536 -2.996 -2.895 2.977 -0.247 0.485 -6.896 -2.418 -0.547
4 V -0.922 -1.017 0.384 0.639 -4.317 0.581 0.751 -1.744 1.614 1.565 -0.464 0.765 -0.685 -1.813 -0.627 -1.022 0.375 -4.409 -1.488 1.394
5 V -0.259 -2.777 0.212 -1.916 -5.92 0.336 -2.191 -1.941 2.028 0.706 0.248 -0.785 -0.535 1.733 1.977 -0.933 0.647 -7.014 -0.547 1.618
6 E -0.02 -2.109 1.22 -0.209 -6.237 2.032 1.372 -4.391 3.554 -2.001 -1.958 -1.734 -1.335 -0.501 1.88 -0.151 -0.089 -5.36 1.005 0.625
7 T -2.248 1.397 0.444 -3.735 -3.75 0.697 0.566 -3.11 2.667 -3.016 0.18 1.674 -0.831 -1.385 -7.6 0.32 2.46 -5.3 0.849 0.165
8 F -7.141 -6.662 -7.386 -8.545 -6.103 -8.397 -8.566 -5.328 -4.896 1.985 2.795 -5.482 0.143 7.144 -6.335 -7.27 -7.163 -4.201 0.633 -3.107