#Seq2Logo.py -f 1000genome_withoutHG00264/MHC_I_common_motif_6_motif.fasta -o 1000genome_withoutHG00264/MHC_I_common_motif_6_motif
Last position-specific scoring matrix computed, values are in halfbits
A R N D C Q E G H I L K M F P S T W Y V
0 I 0.027 -0.216 0.271 -2.44 -5.389 -1.698 -2.963 -2.838 0.444 1.843 -0.059 0.708 0.503 2.796 -7.421 -0.538 -0.839 -5.575 3.121 0.916
1 L 0.803 1.322 -4.435 -6.442 -5.016 -3.501 -4.914 -2.951 -3.322 1.117 2.76 -3.894 1.254 1.956 -2.968 -1.148 -1.002 -6.07 0.595 2.157
2 D -1.4 -5.477 -1.361 6.842 -6.286 -2.325 -1.137 -3.686 -0.341 -2.388 -4.675 -3.359 -3.699 -2.785 -2.368 -0.509 -1.634 -5.246 -1.734 -2.304
3 P -1.259 -2.574 -0.243 2.954 -4.792 0.014 2.463 0.486 1.337 -3.35 -1.503 -1.097 -4.15 -3.334 3.235 -0.132 -2.503 -7.267 -2.885 -1.244
4 V 0.878 -0.882 0.053 -1.119 -4.241 -0.634 -1.392 -1.103 0.782 1.56 -0.371 -0.498 -1.272 -0.833 0.331 -0.627 0.6 -6.83 -2.682 2.439
5 V -0.215 -0.68 -0.113 -1.977 -3.042 -0.792 -2.148 -0.303 1.367 1.788 -0.453 -0.5 -1.397 0.826 0.841 -1.994 0.414 -6.324 1.035 2.074
6 V 0.354 1.586 0.251 0.016 -5.223 0.762 0.403 -3.063 2.408 0.112 -0.762 -0.448 -1.694 -1.735 -0.94 -0.045 0.418 -6.771 -1.544 1.47
7 E -0.166 0.912 0.114 -3.212 -2.419 1.334 1.348 -1.304 2.269 -1.766 -0.431 1.048 -0.084 -0.834 -4.68 0.534 0.854 -6.47 0.216 0.135
8 L -2.866 -4.393 -7.43 -5.969 -4.12 -4.998 -6.453 -7.027 -2.277 0.698 4.325 -4.024 3.168 2.092 -8.091 -5.463 -5.008 -4.21 2.672 2.362